
2020-09-20 08:00:00,969436800,796.7,-14.75,-15.55,88.1,1.305,219.6,-0.549,0.11,-2.576,-0.908,-14.58
2020-09-20 09:00:00,969440400,796.4,-14.96,-15.81,88.4,0.561,149.1,6.319,8.02,-3.203,-1.304,-14.88
2020-09-20 10:00:00,969444000,796.2,-14.5,-15.32,88.4,0.362,153.0,39.45,45.05,-1.717,-0.859,-13.91
2020-09-20 11:00:00,969447600,796.2,-14.23,-14.91,88.1,0.564,238.7,88.8,104.4,-2.262,-3.236,-12.66
2020-09-20 12:00:00,969451200,796.4,-13.81,-14.41,87.8,0.417,274.9,156.5,186.5,-5.514,-8.54,-10.55,1.59,1.194,NAN,-6.516,-6.258,-6.556,-7.306,-8.24,-8.9,-9.59,-11.1,0.506,0.411,119932.71,6699.84751,4701.62438,1835,0.84,121.8,13.08,-203.5,-13.61,87.5,1.386,306.1
2020-09-20 13:00:00,969454800,796.3,-13.5,-14.06,87.1,2.285,291.2,237.0,290.1,-11.08,-17.07,-9.22
2020-09-20 14:00:00,969458400,796.2,-13.2,-13.69,85.9,2.272,285.9,279.8,375.3,-20.53,-29.28,-7.654
2020-09-20 15:00:00,969462000,796.4,-13.36,-13.71,83.8,2.849,269.2,371.2,499.9,-26.62,-36.91,-6.456
2020-09-20 16:00:00,969465600,796.4,-13.39,-13.83,84.3,3.77,267.6,302.6,389.5,-22.59,-23.65,-8.55
2020-09-20 17:00:00,969469200,796.5,-13.04,-13.55,85.6,5.068,272.0,275.5,337.4,-19.69,-12.34,-10.12
2020-09-20 18:00:00,969472800,796.6,-12.71,-13.22,86.6,5.984,277.4,251.7,296.4,-21.67,-9.13,-10.6,1.552,1.165,NAN,-6.724,-6.317,-6.396,-7.094,-7.778,-8.83,-9.31,-11.1,0.655,0.566,179571.38,6699.84751,4701.62438,1842,0.98,136.7,14.39,-203.1,-12.49,86.8,5.87,282.4
2020-09-20 19:00:00,969476400,796.7,-12.63,-13.09,86.1,6.908,275.2,287.2,330.4,-24.41,-6.767,-10.8
2020-09-20 20:00:00,969480000,797.0,-13.25,-13.87,87.7,6.076,268.9,105.9,120.8,-13.53,-2.476,-12.44
2020-09-20 21:00:00,969483600,797.3,-13.92,-14.48,88.7,5.602,268.6,32.46,36.86,-5.645,-0.281,-13.41
2020-09-20 22:00:00,969487200,797.4,-14.23,-14.93,89.1,4.782,261.3,2.252,2.966,-3.566,0.314,-13.93
2020-09-20 23:00:00,969490800,797.3,-14.07,-14.8,89.3,4.619,264.5,0.0,0.11,-1.965,0.231,-13.8
2020-09-21 00:00:00,969494400,797.5,-14.19,-14.89,89.3,4.304,262.3,-0.22,0.055,-1.766,0.017,-13.87,1.554,1.162,NAN,-6.845,-6.407,-6.417,-6.955,-7.577,-8.69,-8.9,-11.08,0.614,0.523,0.0,6699.84751,4701.62438,1827,0.98,129.8,13.65,-202.3,-14.28,88.9,3.988,257.6
2020-09-21 01:00:00,969498000,797.4,-14.35,-15.06,88.8,3.79,261.8,-0.44,0.055,-1.766,-0.05,-14.06
2020-09-21 02:00:00,969501600,797.2,-15.27,-15.96,88.1,2.751,240.1,-0.659,-0.165,-2.674,-0.297,-14.96
2020-09-21 03:00:00,969505200,797.2,-14.97,-15.75,88.5,1.787,239.6,-0.11,0.385,-0.776,0.231,-14.77
2020-09-21 04:00:00,969508800,797.3,-15.38,-16.07,87.7,0.642,247.2,-0.659,-0.22,-0.429,0.116,-15.01
2020-09-21 05:00:00,969512400,797.2,-16.05,-16.72,86.7,0.897,239.1,-0.604,-0.275,-0.578,0.099,-15.7
2020-09-21 06:00:00,969516000,797.1,-16.74,-17.42,85.6,1.405,214.8,-1.264,-0.22,-1.486,-0.776,-16.44,1.572,1.183,NAN,-6.824,-6.357,-6.387,-7.014,-7.677,-8.78,-9.2,-11.08,0.57,0.475,59638.67,6699.84751,4701.62438,1838,0.68,124.0,13.05,-202.9,-17.48,84.4,1.257,210.6
2020-09-21 07:00:00,969519600,797.3,-17.03,-17.86,85.6,1.187,197.5,-0.33,0.824,-0.726,0.05,-17.05
2020-09-21 08:00:00,969523200,797.3,-16.79,-17.59,85.6,1.123,189.5,-0.11,0.22,-0.149,0.413,-16.65
2020-09-21 09:00:00,969526800,797.3,-17.43,-18.06,84.3,0.85,175.3,2.803,4.012,-1.255,-2.461,-17.0
2020-09-21 10:00:00,969530400,797.3,-17.51,-18.35,84.6,0.485,162.0,41.99,47.54,-0.859,-1.255,-17.14
2020-09-21 11:00:00,969534000,797.3,-16.14,-16.88,85.7,1.013,154.2,67.38,79.96,-0.396,-1.173,-15.27
2020-09-21 12:00:00,969537600,797.4,-15.17,-15.64,85.4,1.04,160.6,167.4,194.9,-0.793,-4.261,-13.16,0.0,1.17,NAN,-6.809,-6.371,-6.391,-6.989,-7.652,-8.76,-9.13,-11.09,0.556,0.461,119932.71,6699.84751,4701.62438,1839,0.71,120.3,13.03,-202.4,-14.81,84.8,0.884,147.9
2020-09-21 13:00:00,969541200,797.4,-14.92,-14.91,83.2,1.659,166.2,295.5,333.0,-4.458,-18.95,-10.6
2020-09-21 14:00:00,969544800,797.6,-14.97,-14.91,82.9,2.1,181.6,321.0,385.1,-12.27,-21.66,-10.25
2020-09-21 15:00:00,969548400,797.8,-15.22,-14.83,81.8,1.944,145.3,304.3,414.7,-21.03,-22.04,-10.41
2020-09-21 16:00:00,969552000,797.7,-14.02,-13.75,82.4,2.476,169.3,299.2,419.9,-24.25,-20.96,-8.92
